member_casual,day_of_week,total_rides,avg_ride_length
casual,1,357284,24.423008027227656
member,1,415274,13.067360345217867
casual,2,244329,20.632606035304882
member,2,538719,11.570510785771427
casual,3,238186,17.767626980595008
member,3,614331,11.406066110940163
casual,4,246201,17.177310408974773
member,4,622935,11.412569529726214
casual,5,267847,18.189806120658425
member,5,619497,11.470154012045251
casual,6,339790,20.081156008122662
member,6,581546,11.810960783841681
casual,7,457395,23.413764907793034
member,7,494570,13.136316396061229
